405.89880952380946 184.4231601731601
267.78192640692635 286.09253246753246
519.077922077922 263.0730519480519
250.51731601731598 353.23268398268397
545.9339826839825 345.5595238095238
254.35389610389603 472.1666666666667
544.0156926406926 426.1277056277056
304.22943722943717 581.5091991341992
536.3425324675325 541.2251082251082
421.2451298701298 612.2018398268399
375.2061688311688 316.78517316017314
321.49404761904754 309.112012987013
451.9377705627705 320.6217532467532
507.5681818181817 311.030303030303
352.1866883116882 349.39610389610385
478.7938311688311 353.23268398268397
430.83658008658 360.90584415584414
430.83658008658 418.45454545454544
382.8793290043289 420.37283549783547
467.2840909090908 420.37283549783547
425.08170995670986 468.3300865800866
367.53300865800855 483.6764069264069
390.5524891774891 491.3495670995671
425.08170995670986 495.1861471861472
450.0194805194804 491.3495670995671
476.875541125541 481.7581168831169
852.8603896103893 2.1856060606060055
852.8603896103893 706.198051948052
1.1396103896103398 708.116341991342
1.1396103896103398 0.26731601731592036