411.6536796536796 199.76948051948045
263.9453463203463 286.09253246753246
530.5876623376623 278.41937229437224
248.59902597402595 347.4778138528138
530.5876623376623 343.64123376623377
258.19047619047615 487.512987012987
538.2608225108224 437.6374458874459
306.1477272727272 573.836038961039
522.914502164502 550.8165584415585
423.1634199134199 614.1201298701299
392.4707792207792 322.5400432900433
340.67694805194805 326.37662337662334
446.18290043290034 326.37662337662334
496.05844155844153 322.5400432900433
357.94155844155836 349.39610389610385
478.7938311688311 343.64123376623377
430.83658008658 362.82413419913416
430.83658008658 416.5362554112554
388.63419913419904 428.04599567099564
463.44751082251076 429.9642857142857
423.1634199134199 472.1666666666667
371.3695887445887 479.83982683982686
386.71590909090907 491.3495670995671
419.3268398268397 500.94101731601734
446.18290043290034 499.02272727272725
471.1206709956709 485.59469696969694
852.8603896103893 0.26731601731592036
852.8603896103893 706.198051948052
1.1396103896103398 704.2797619047619
1.1396103896103398 0.26731601731592036